[
    6,
    9,
    10,
    16,
    20,
    21,
    26,
    29,
    33,
    34,
    37,
    44,
    48,
    49,
    51,
    52,
    57,
    60,
    64,
    67,
    69,
    70,
    76,
    78,
    84,
    86,
    88,
    91,
    94,
    95,
    102,
    103,
    108,
    109,
    110,
    114,
    118,
    123,
    126,
    128,
    133,
    140,
    141,
    149,
    151,
    152,
    156,
    158,
    161,
    164,
    166,
    170,
    171,
    174,
    177,
    179,
    183,
    184,
    188,
    189,
    193,
    196,
    198,
    202,
    203,
    206,
    209,
    211,
    215,
    216,
    221,
    222,
    225,
    228,
    231,
    232,
    236,
    238,
    240,
    243,
    246,
    248,
    250,
    253,
    255,
    257,
    260,
    263,
    265,
    267,
    270,
    272,
    274,
    277,
    280,
    282,
    284,
    287,
    290,
    291,
    294,
    297,
    299,
    301,
    304,
    307,
    308,
    311,
    314,
    316,
    318,
    321,
    324,
    325,
    328,
    331,
    334,
    335,
    338,
    341,
    342,
    345,
    348,
    351,
    352,
    355,
    358,
    359,
    362,
    365,
    368,
    369,
    372,
    375,
    377,
    379,
    382,
    385,
    386,
    389,
    392,
    394,
    396,
    399,
    402,
    403,
    406,
    409,
    411,
    413,
    416,
    419,
    420,
    423,
    426,
    428,
    430,
    433,
    436,
    437,
    440,
    443,
    446,
    447,
    450,
    453,
    455,
    457,
    460,
    463,
    464,
    467,
    471,
    472,
    475,
    478,
    480,
    482,
    485,
    488,
    489,
    492,
    495,
    497,
    499,
]